                  [38;2;58;21;18m-[38;2;64;23;19m`[0m
                 [38;2;58;21;18m.o[38;2;77;27;22m+`[0m
                [38;2;58;21;18m`o[38;2;60;21;18mo[38;2;77;27;22mo[38;2;86;29;24m/[0m
               [38;2;58;21;18m`+[38;2;74;26;21mo[38;2;77;27;22mo[38;2;80;28;23mo[38;2;107;34;28mo[38;2;108;34;28m:[0m
              [38;2;58;21;18m`+[38;2;70;25;21mo[38;2;77;27;22moo[38;2;78;27;22mo[38;2;107;34;28mo[38;2;132;40;33mo[38;2;138;41;34m:[0m
              [38;2;58;21;18m-[38;2;66;24;20m+[38;2;77;27;22moo[38;2;101;33;27mo[38;2;107;34;28mo[38;2;126;38;32mo[38;2;138;41;34mo[38;2;142;42;35m+[38;2;166;46;39m:[0m
            [38;2;54;30;29m`[38;2;58;21;18m/[38;2;61;22;19m:[38;2;77;27;22m-:[38;2;95;31;26m+[38;2;107;34;28m+[38;2;121;37;31mo[38;2;138;41;34moo[38;2;161;45;38mo[38;2;175;47;40m+:[0m
           [38;2;52;36;35m`[38;2;58;21;18m/+[38;2;77;27;22m++[38;2;90;30;25m+[38;2;107;34;28m/[38;2;117;36;30m+[38;2;138;41;34m++[38;2;158;44;37m+[38;2;142;42;35m+[38;2;175;47;40m++:[0m
          [38;2;51;40;39m`[38;2;58;21;18m/+[38;2;73;26;21m+[38;2;77;27;22m+[38;2;84;29;23m+[38;2;107;34;28m+[38;2;112;35;29m+[38;2;110;35;29m+[38;2;138;41;34m+[38;2;155;44;37m+[38;2;139;41;34m+[38;2;175;47;40m++++:[0m
         [38;2;49;44;44m`[38;2;58;21;18m/+[38;2;69;25;20m+[38;2;77;27;22m+o[38;2;106;34;28mo[38;2;107;34;28mo[38;2;137;41;34mo[38;2;138;41;34mo[38;2;153;43;36mo[38;2;174;47;40mo[38;2;175;47;40mooooo[38;2;161;66;60mo[38;2;148;82;78m/[38;2;172;51;44m`[0m
        [38;2;48;48;48m.[38;2;57;23;20m/[38;2;58;21;18mo[38;2;65;23;19mo[38;2;77;27;22mos[38;2;99;32;26ms[38;2;107;34;28ms[38;2;130;39;32ms[38;2;138;41;34mo[38;2;147;43;36m+[38;2;171;46;39m+[38;2;175;47;40mossss[38;2;165;60;55ms[38;2;152;77;72ms[38;2;124;112;112mo[38;2;166;166;166m+[38;2;196;196;196m`[0m
       [38;2;45;45;45m.[38;2;56;27;24mo[38;2;58;21;18mo[38;2;60;22;18ms[38;2;77;27;22mss[38;2;93;31;25ms[38;2;107;34;28ms[38;2;126;38;32mo[38;2;138;41;34m-[38;2;142;42;35m`[38;2;166;45;38m`[38;2;175;47;40m``/oss[38;2;156;71;67ms[38;2;128;107;106ms[38;2;159;159;159ms[38;2;188;188;188ms[38;2;221;221;221m+[38;2;227;227;227m`[0m
      [38;2;42;42;42m-[38;2;54;33;31mo[38;2;58;21;18mss[38;2;77;27;22mss[38;2;89;30;24ms[38;2;107;34;28ms[38;2;121;37;31mo[38;2;138;41;34m.      [38;2;175;47;40m:s[38;2;160;66;61ms[38;2;132;102;100ms[38;2;152;152;152ms[38;2;181;181;181ms[38;2;220;220;220ms[38;2;226;226;226ms[38;2;229;229;229mo[38;2;234;234;234m.[0m
     [38;2;39;39;39m:[38;2;52;36;35mo[38;2;58;21;18mss[38;2;76;27;22ms[38;2;77;27;22ms[38;2;82;28;23ms[38;2;107;34;28ms[38;2;117;36;30ms[38;2;138;41;34m/        [38;2;164;61;56mo[38;2;136;97;95ms[38;2;145;145;145ms[38;2;174;174;174ms[38;2;124;124;124ms[38;2;225;225;225mo[38;2;228;228;228m+[38;2;233;233;233m+[38;2;237;237;237m+[38;2;238;238;238m.[0m
    [38;2;38;38;38m/[38;2;51;40;39mo[38;2;58;21;18mss[38;2;72;25;21ms[38;2;77;27;22mss[38;2;107;34;28mss[38;2;135;40;33ms[38;2;138;41;34m/        [38;2;140;92;89m+[38;2;138;138;138ms[38;2;167;167;167ms[38;2;216;216;216ms[38;2;224;224;224ms[38;2;227;227;227mo[38;2;219;219;219mo[38;2;236;236;236mo[38;2;238;238;238m/[38;2;241;241;241m-[0m
  [38;2;34;34;34m`[38;2;37;37;37m/[38;2;49;44;44mo[38;2;49;46;46ms[38;2;58;21;18ms[38;2;68;24;20ms[38;2;77;27;22mss[38;2;103;33;27mo[38;2;107;34;28m+[38;2;128;39;32m/[38;2;138;41;34m:[38;2;152;43;36m-        [38;2;172;50;44m-[38;2;160;160;160m:[38;2;209;209;209m/[38;2;223;223;223m+[38;2;226;226;226mo[38;2;232;232;232ms[38;2;236;236;236ms[38;2;237;237;237ms[38;2;240;240;240ms[38;2;242;242;242mo+-[0m
 [38;2;32;32;32m`[38;2;35;35;35m+[38;2;48;48;48ms[38;2;57;23;20ms[38;2;58;21;18mo[38;2;62;22;19m+[38;2;77;27;22m:-[38;2;97;32;26m`                 [38;2;231;231;231m`[38;2;235;235;235m.[38;2;236;236;236m-[38;2;240;240;240m/[38;2;233;233;233m+[38;2;241;241;241mo[38;2;242;242;242ms[38;2;243;243;243mo:[0m
[38;2;31;31;31m`[38;2;34;34;34m+[38;2;45;45;45m+[38;2;55;29;27m:[38;2;58;21;18m.                           [38;2;242;242;242m`[38;2;243;243;243m-/[38;2;244;244;244m+[38;2;241;241;241m/[0m
[38;2;32;32;32m.[38;2;42;42;42m`                                 [38;2;244;244;244m`/[0m
